1.008355202

-0.99332596

-0.99332596

-0.99332596

1.008528133

1.008664008

1.008806059

-0.99332596

1.008355202

1.008355202

1.008664008

-0.99332596

1.008577542

-0.99332596

-0.99332596

1.008470631

-0.99332596

1.008664008

1.008664008

-0.99332596

-0.99332596

1.008838267

1.008910805

-0.99332596

-0.99332596

-0.99332596

1.008902468

1.008928699

1.00875452

1.008818945

1.008664008

1.008664008

1.008897367

1.008664008

1.008660148

-0.99332596

-0.99332596

-0.99332596

1.008427862

1.008657832

-0.99332596

-0.99332596

1.008664008

-0.99332596

-0.99332596

-0.99332596

1.008458137

1.00875665

-0.99332596

1.008355202

1.008355202

-0.99332596

-0.99332596

1.008880172

-0.99332596

1.008391357

-0.99332596

-0.99332596

1.008972814

1.00877981

1.008972814

-0.99332596

1.008664008

1.008577542

1.008664008

-0.99332596

-0.99332596

1.008664008

-0.99332596

-0.99332596

-0.99332596

-0.99332596

-0.99332596

-0.99332596

-0.99332596

1.008633127

1.008664008

1.008410787

-0.99332596

1.008750474

1.008619893

1.008633127

-0.99332596

1.008439102

1.008664008

-0.99332596

-0.99332596

1.008664008

1.008664008

-0.99332596

-0.99332596

1.008355202

1.008422531

1.008355202

-0.99332596

-0.99332596

-0.99332596

-0.99332596

1.008355202

-0.99332596

-0.99332596

-0.99332596

-0.99332596

1.008473313

1.008533074

1.008355202

1.008355202

1.008355202

1.008402479

1.008577542

1.008351728

1.008046396

1.008043651

1.008046396

1.008046396

-0.99332596

1.007742415

1.007957201

1.00773759

1.008046396

-0.99332596

-0.99332596

1.00811703

-0.99332596

1.00829027

1.008078068

1.00791405

1.008343061

1.008442512

-0.99332596

-0.99332596

1.008355202

1.008170914

-0.99332596

-0.99332596

1.00773759

-0.99332596

1.00773759

1.008132861

1.008355202

1.008355202

1.008355202

-0.99332596

1.008046396

1.008046396

1.008108157

1.008046396

1.008355202

1.008355202

1.007981546

1.008151593

1.008046396

1.008009339

1.008111245

1.00826256

-0.99332596

1.008046396

-0.99332596

1.008015515

1.008355202

1.008320677

1.008355202

-0.99332596

1.007981311

-0.99332596

1.008293441

1.008355202

1.008355202

1.008046396

-0.99332596

-0.99332596

-0.99332596

1.008046396

-0.99332596

-0.99332596

1.008214279

1.008046396

-0.99332596

1.007867288

1.00826256

-0.99332596

1.008355202

1.008274912

1.008382679

-0.99332596

1.008675314

-0.99332596

-0.99332596

-0.99332596

-0.99332596

1.008624705

-0.99332596

1.008664008

-0.99332596

-0.99332596

-0.99332596

-0.99332596

-0.99332596

-0.99332596

-0.99332596

1.008664008

1.008475673

-0.99332596

-0.99332596

-0.99332596

-0.99332596

1.008664008

1.008972814

1.008664008

-0.99332596

1.008972814

1.008827574

1.008673103

-0.99332596

-0.99332596

1.008664008

-0.99332596

1.008657832

1.008367635

1.008642629

1.008421374

-0.99332596

1.008823558

1.008361378

-0.99332596

-0.99332596

-0.99332596

-0.99332596

1.008451466

-0.99332596

1.008702609

-0.99332596

1.008972814

1.008664008

1.008361378

-0.99332596

1.008664008

-0.99332596

1.008664008

-0.99332596

-0.99332596

1.008355202

-0.99332596

1.008361676

-0.99332596

-0.99332596

-0.99332596

1.008355202

1.008664008

1.008664008

1.008355202

1.008928699

1.008381231

1.008480349

1.008389701

-0.99332596

-0.99332596

-0.99332596

1.008370766

1.008355202

1.008355202

-0.99332596

-0.99332596

-0.99332596

1.008447844

1.008355202

1.008353942

-0.99332596

-0.99332596

-0.99332596

1.00795993

1.008046396

1.007741707

-0.99332596

-0.99332596

1.00774178

1.008046396

-0.99332596

-0.99332596

-0.99332596

-0.99332596

1.008248619

-0.99332596

-0.99332596

1.008046396

-0.99332596

1.008046396

-0.99332596

1.008046396

1.008046396

1.008046396

-0.99332596

-0.99332596

-0.99332596

-0.99332596

-0.99332596

-0.99332596

-0.99332596

1.008337037

1.008169212

1.008311523

-0.99332596

1.008355202

1.00832089

1.008370442

1.008489924

1.008620444

1.008430688

1.008648405

1.008355202

1.008432403

-0.99332596

-0.99332596

1.008355202

1.008476686

1.008355202

1.008460196

-0.99332596

-0.99332596

-0.99332596

1.008367554

1.008355202

-0.99332596

-0.99332596

1.008664008

1.008866504

1.008664008

1.00865609

-0.99332596

-0.99332596

1.008789936

1.008664008

1.008978843

1.008972814

1.008951845

-0.99332596

-0.99332596

1.008664008

-0.99332596

1.008664008

1.008664008

-0.99332596

1.008962165

1.00886782

1.008523817

-0.99332596

-0.99332596

1.008963011

1.008386082

1.008509605

1.008818411

1.008664008

1.008972814

1.008875433

-0.99332596

1.008760081

1.008972814

1.009001374

1.00928162

-0.99332596

1.009590426

1.009590426

1.009454853

1.00928162

-0.99332596

-0.99332596

-0.99332596

-0.99332596

-0.99332596

-0.99332596

1.00928162

-0.99332596

1.009186476

1.00928162

1.009524615

1.009265739

1.00928162

1.009531606

-0.99332596

-0.99332596

1.009368086

-0.99332596

-0.99332596

1.008972814

-0.99332596

-0.99332596

1.009247926

-0.99332596

-0.99332596

1.009528665

1.009380438

1.009176174

1.008966999

1.00884627

1.008664008

1.008577542

1.008972814

1.008905601

1.008906238

-0.99332596

1.008774795

1.008809147

1.008972814

1.008972814

1.008972814

-0.99332596

1.008960107

1.008664008

-0.99332596

1.008880172

-0.99332596

1.008810284

1.008886776

-0.99332596

-0.99332596

1.008972814

-0.99332596

1.008972814

-0.99332596

1.008664008

-0.99332596

-0.99332596

-0.99332596

1.008664008

1.008972814

1.008355202

1.008648568

-0.99332596

1.008664008

-0.99332596

-0.99332596

1.008744123

1.008664008

-0.99332596

1.008664008

1.008972814

-0.99332596

1.008664008

-0.99332596

1.008652799

-0.99332596

1.008664008

1.008972814

1.00892201

1.008972814

1.008934213

1.008775295

1.008972814

1.009013612

1.00928162

1.00928162

1.00928162

1.009590426

1.009025537

-0.99332596

-0.99332596

1.009590426

-0.99332596

1.009050015

1.00928162

-0.99332596

-0.99332596

-0.99332596

-0.99332596

1.009292849

1.009577144

1.00928162

-0.99332596

-0.99332596

1.009061044

1.009277782

1.009496549

1.008985166

1.009367873

1.00928162

1.009458031

1.00928162

1.009590426

1.009590426

1.009561163

1.00928162

-0.99332596

1.009101771

1.009420117

-0.99332596

1.009131236

1.009586995

1.009590426

1.00928162

-0.99332596

1.009494264

-0.99332596

1.009458669

-0.99332596

1.00928162

1.009418867

-0.99332596

1.00928162

1.009606593

1.009656151

1.009980612

1.009827969

1.009624878

1.009899232

1.009654895

1.009707772

1.009899232

1.009899232

1.010208038

-0.99332596

1.010053635

-0.99332596

1.009903269

-0.99332596

-0.99332596

1.009899232

-0.99332596

1.009899232

-0.99332596

1.009634105

-0.99332596

1.009820556

1.009899232

1.010085999

1.009899232

1.009899232

-0.99332596

1.009777563

1.009899232

1.009899232

-0.99332596

1.009899232

-0.99332596

1.010201698

1.010208038

1.010516844

-0.99332596

1.010504492

1.010208038

1.010208038

1.010208038

1.010223615

1.010532519

-0.99332596

1.010208038

1.010208038

1.010209594

-0.99332596

1.010362441

1.010249213

1.010208038

1.010144382

1.010208038

-0.99332596

1.009858058

-0.99332596

-0.99332596

1.009693362

1.009811002

1.010090692

1.009899232

1.009979522

-0.99332596

-0.99332596

1.010208038

1.009868352

-0.99332596

1.009825475

-0.99332596

1.009899232

1.009840131

-0.99332596

-0.99332596

-0.99332596

-0.99332596

-0.99332596

-0.99332596

-0.99332596

1.010169674

1.009837471

-0.99332596

1.010115397

-0.99332596

1.010130556

-0.99332596

-0.99332596

-0.99332596

1.009899232

-0.99332596

1.009899232

-0.99332596

-0.99332596

-0.99332596

1.00996263

1.009744829

1.009899232

-0.99332596

1.009590426

1.009617435

1.009899232

1.010012461

1.009899232

-0.99332596

1.009899232

-0.99332596

-0.99332596

-0.99332596

1.010173727

-0.99332596

1.010180248

1.010149218

1.009899232

1.009899232

1.009899232

-0.99332596

-0.99332596

-0.99332596

1.009770227

-0.99332596

1.009899232

1.009901608

1.010081423

1.010107121

1.009778605

1.009962347

1.009899232

1.009694976

-0.99332596

1.009899232

-0.99332596

-0.99332596

-0.99332596

-0.99332596

-0.99332596

-0.99332596

-0.99332596

-0.99332596

1.009899232

-0.99332596

-0.99332596

1.009899232

-0.99332596

1.009690245

1.009622423

1.009899232

1.009590426

-0.99332596

1.009955218

1.009899232

-0.99332596

1.00961418

-0.99332596

1.009667628

1.009987544

1.009899232

1.009893056

-0.99332596

1.009590426

1.009652187

1.009899232

1.009590426

1.009590426

1.009602258

1.009621979

1.009701344

-0.99332596

1.009899232

1.009855999

1.009634541

-0.99332596

-0.99332596

1.009938936

1.009590426

1.009634541

1.009590426

1.009590444

1.009664402

1.00928162

1.00928162

-0.99332596

1.009296443

1.009528665

-0.99332596

1.009554931

1.009469589

1.00928162

1.00928162

1.00928162

1.00928162

1.00928162

1.00928162

1.00928162

-0.99332596

-0.99332596

-0.99332596

1.00928162

1.00928162

1.009250417

1.00928162

-0.99332596

-0.99332596

1.009039079

1.00928162

1.00928162

1.00928162

1.009575721

1.009083102

1.00928162

1.00928162

-0.99332596

-0.99332596

1.009497784

1.00928162

-0.99332596

1.00936963

-0.99332596

-0.99332596

-0.99332596

-0.99332596

1.00928162

1.009433679

1.009558287

1.00928162

1.009247308

1.009279506

1.00928162

1.009590426

1.00928162

1.009571898

1.009250739

1.009559546

1.00928162

1.009607222

1.009608591

1.009626502

1.009621711

1.009597721

1.009599784

1.009787664

1.009685152

1.009590426

1.009605883

1.009590426

-0.99332596

1.009899232

1.009715249

1.009693362

1.009318897

1.009225473

1.008972814

1.00928162

1.008957034

1.008664008

1.008664008

1.008664008

1.008719593

1.008528905

-0.99332596

1.008607861

-0.99332596

-0.99332596

-0.99332596

1.008386082

1.008369011

1.008492449

1.008355202

1.008547897

1.008358711

1.008488076

1.008355202

1.007818704

1.008166877

1.0083339

1.008180102

1.00809387

1.008355776

1.008416963

1.008664008

1.008664008

1.008447924

-0.99332596

-0.99332596

1.008355202

1.008378076

1.008450651

1.008664008

1.008664008

1.008576939

1.008941933

1.008466372

-0.99332596

1.008355202

1.008355202

-0.99332596

1.008664008

-0.99332596

-0.99332596

1.008357628

1.008880172

1.008355202

1.008355202

1.008355202

1.008355202

1.008362825

1.008432403

1.008355202

1.008634067

1.008664008

1.008389514

1.008664008

-0.99332596

1.008613318

-0.99332596

1.008664008

1.008400515

1.008355202

1.008355202

1.008380856

1.008509605

1.008355202

1.008355202

1.008619893

1.008616499

1.008355202

1.008642184

1.008355202

1.008355202

1.008491959

1.008355202

1.008659938

1.008619893

1.008355202

1.008355202

1.008432403

1.008619893

1.008509605

1.008507329

1.008355202

1.008355202

1.00861254

1.008521482

1.008509605

1.008636728

1.008355202

1.008432403

1.008355202

1.008586806

1.008410276

1.008355202

1.008664008

1.008355202

1.008664008

-0.99332596

1.008355202

-0.99332596

1.008664008

-0.99332596

-0.99332596

1.008508329

1.008523641

-0.99332596

-0.99332596

1.008360436

1.008441667

-0.99332596

1.008506873

1.008853152

1.008355202

1.008664008

1.008898343

1.008893729

1.008667096

1.008758798

-0.99332596

1.008664008

1.008972814

1.008914648

1.008849292

1.008664008

1.00869832

1.008935792

1.008664008

1.008664008

1.008256616

1.007842584

1.00773759

1.007898169

-0.99332596

1.00773759

-0.99332596

-0.99332596

-0.99332596

1.007781124

1.007690439

1.007582616

1.007428783

1.007428783

1.007738276

1.007752295

1.008046396

-0.99332596

1.007740407

1.008108157

1.0076447

1.007703529

1.007984634

1.00773759

1.008046396

1.008046396

1.007745064

1.007428783

1.007428783

1.007433724

1.007517014

1.007716535

1.00773759

1.007634218

1.007670618

1.007755901

1.00773759

1.00773759

1.008046396

1.007850262

1.00773759

1.00773759

-0.99332596

1.008046396

1.008034043

1.007808852

