1.005267141

1.005119336

1.004958335

-0.99332596

1.004958335

1.005083574

1.005267141

1.005011122

1.005267141

1.004958335

1.005267141

1.004958335

1.004958335

-0.99332596

-0.99332596

1.004958335

-0.99332596

-0.99332596

1.00516886

1.004958335

-0.99332596

-0.99332596

-0.99332596

-0.99332596

1.005267141

1.005218614

1.004958335

1.00482246

-0.99332596

1.004649528

-0.99332596

1.004655705

-0.99332596

-0.99332596

-0.99332596

1.004958335

1.004958335

-0.99332596

-0.99332596

1.004901797

-0.99332596

-0.99332596

-0.99332596

-0.99332596

-0.99332596

-0.99332596

1.004997273

-0.99332596

1.005267141

1.005224724

-0.99332596

1.005149431

1.005127473

1.00497563

-0.99332596

1.005031749

1.004958335

1.004958335

1.004958335

1.004958335

1.004958335

1.004958335

1.005267141

1.004958335

1.004729818

1.004958335

1.004874115

1.004958335

1.004649528

1.004958335

-0.99332596

-0.99332596

1.004958335

-0.99332596

-0.99332596

1.004650886

-0.99332596

-0.99332596

1.004581952

1.004340722

-0.99332596

-0.99332596

-0.99332596

-0.99332596

1.004340722

-0.99332596

1.004357192

1.004340722

1.004340722

-0.99332596

-0.99332596

-0.99332596

-0.99332596

-0.99332596

-0.99332596

1.004561298

-0.99332596

-0.99332596

1.004405229

-0.99332596

-0.99332596

1.004031916

-0.99332596

-0.99332596

-0.99332596

1.004649528

1.004335576

1.004340722

1.004483937

-0.99332596

1.004340722

1.004031916

-0.99332596

-0.99332596

-0.99332596

-0.99332596

-0.99332596

-0.99332596

-0.99332596

-0.99332596

1.004549925

1.004147719

1.004020559

1.003941288

-0.99332596

1.00372311

1.003414304

-0.99332596

-0.99332596

1.003772519

-0.99332596

1.00372311

-0.99332596

-0.99332596

1.00372311

-0.99332596

-0.99332596

-0.99332596

-0.99332596

1.003905347

1.003432832

1.00372311

-0.99332596

1.004031916

-0.99332596

1.00372311

-0.99332596

1.00398413

1.00429749

1.004340722

1.004340722

1.004340722

-0.99332596

1.004420821

-0.99332596

1.004340722

1.004616061

1.004649528

1.004454155

1.00440866

1.00463697

1.004316018

1.004638489

1.00439219

1.004581591

1.004291313

1.004340722

1.004488624

1.004325282

-0.99332596

1.004729897

1.004686689

1.004958335

1.004958335

1.005095242

1.004958335

1.004958335

1.004958335

1.004958335

1.004962694

1.004958335

1.004958335

1.004958335

1.005189939

1.004958335

1.004633458

1.004464245

1.004340722

1.004340722

1.004034367

1.004340722

1.004340722

1.004340722

1.004340722

1.004340722

1.004340722

-0.99332596

-0.99332596

-0.99332596

-0.99332596

-0.99332596

1.004340722

-0.99332596

1.004121985

-0.99332596

-0.99332596

-0.99332596

1.004340722

-0.99332596

-0.99332596

1.004031916

1.004031916

-0.99332596

1.004298744

1.004282675

1.004300857

1.004340722

1.004340722

1.004340722

1.004088354

1.004340722

-0.99332596

1.004373288

1.004340722

-0.99332596

1.004468581

1.004340722

-0.99332596

1.004031916

-0.99332596

1.004201273

1.004340722

-0.99332596

-0.99332596

-0.99332596

1.004340722

1.004340722

1.004340722

-0.99332596

1.004340722

1.004340722

-0.99332596

-0.99332596

-0.99332596

-0.99332596

-0.99332596

-0.99332596

1.004291313

1.004598997

-0.99332596

-0.99332596

-0.99332596

1.004340722

1.004047178

1.004435294

-0.99332596

1.004340722

-0.99332596

1.004340722

1.004340722

1.004600897

1.004440689

1.004377463

1.004358368

1.004340722

1.004340722

-0.99332596

-0.99332596

1.004414278

1.004340722

1.004031916

1.004340722

1.004083601

1.004040727

1.003898142

1.003414304

1.00367778

1.003414304

1.003414304

1.003414304

1.003424858

1.00354191

1.003414304

1.003370103

1.003105498

1.003105498

1.003105498

-0.99332596

1.003105498

1.002798236

-0.99332596

-0.99332596

1.002796692

1.003068441

1.003099322

-0.99332596

-0.99332596

-0.99332596

-0.99332596

1.003105498

1.003414304

1.003272733

1.003105498

1.003105498

1.003155857

-0.99332596

-0.99332596

1.003068441

1.003009223

1.002796692

1.002951095

1.00308906

1.003081744

1.00302501

1.002993556

1.003352543

1.003276821

1.003105498

1.003018816

-0.99332596

-0.99332596

1.003265696

1.002796692

1.003105498

-0.99332596

1.00313981

-0.99332596

-0.99332596

-0.99332596

-0.99332596

-0.99332596

-0.99332596

-0.99332596

-0.99332596

1.003000504

1.003105498

-0.99332596

1.003105498

1.003130202

-0.99332596

-0.99332596

1.003105498

1.003414304

-0.99332596

1.003105498

1.003105498

-0.99332596

1.003105498

-0.99332596

-0.99332596

-0.99332596

1.002952109

1.003414304

-0.99332596

1.003259901

-0.99332596

-0.99332596

1.002796692

1.002821396

1.003408249

1.002910369

1.002796692

1.003105498

1.003028296

1.003105498

1.003002563

-0.99332596

1.003071186

-0.99332596

1.002884922

1.002951095

1.003105498

1.002899627

1.002811169

1.002908985

1.002951095

1.0028073

1.002796692

-0.99332596

-0.99332596

1.003155538

1.002796692

-0.99332596

1.003012763

-0.99332596

1.003105498

1.003105498

1.003326413

-0.99332596

-0.99332596

1.003105498

-0.99332596

1.003105498

1.003105498

1.003105498

1.003105498

1.003151714

1.003020267

1.003043737

1.003105498

1.003105498

1.003105498

-0.99332596

1.003105498

1.003105498

1.003362836

-0.99332596

1.003105498

1.003105498

1.003009482

-0.99332596

-0.99332596

-0.99332596

-0.99332596

1.00322902

-0.99332596

1.003105498

1.003105498

-0.99332596

1.003105498

1.003105498

1.003105498

1.003105498

-0.99332596

-0.99332596

1.003105498

-0.99332596

1.003105498

1.003105498

-0.99332596

-0.99332596

1.003056089

1.003105498

-0.99332596

-0.99332596

1.003337103

1.003372615

-0.99332596

1.003259901

1.003290782

-0.99332596

1.003105498

-0.99332596

-0.99332596

1.003105498

-0.99332596

1.003105498

-0.99332596

1.003105498

1.00308697

1.00311652

1.003259901

-0.99332596

-0.99332596

1.003105498

1.003105498

1.003408128

-0.99332596

-0.99332596

1.003105498

-0.99332596

-0.99332596

1.003259901

1.003105498

1.002854638

1.003105498

-0.99332596

1.002823714

1.002733335

1.002544032

1.002748655

1.002801395

1.002831004

1.002796692

1.002796692

1.003013691

1.003136379

1.003001952

1.003191964

1.003425065

-0.99332596

1.003715661

1.003544003

-0.99332596

1.00342048

1.004005988

-0.99332596

-0.99332596

1.004195506

1.004538207

1.004649528

-0.99332596

-0.99332596

-0.99332596

1.004340722

1.004340722

-0.99332596

1.004340722

-0.99332596

1.004340722

1.004340722

-0.99332596

-0.99332596

-0.99332596

-0.99332596

-0.99332596

-0.99332596

-0.99332596

-0.99332596

1.004421281

-0.99332596

1.004629186

1.004340722

1.004031916

1.004373228

1.004538925

1.004340722

1.004236822

1.004623795

1.004031916

-0.99332596

1.004254257

1.004340722

-0.99332596

1.004340722

1.004415198

1.004649528

1.004340722

1.004649528

1.004637875

-0.99332596

-0.99332596

1.004202495

1.004340722

1.004031916

1.004495125

1.004340722

-0.99332596

1.004649528

1.004340722

1.00410603

1.004340722

-0.99332596

-0.99332596

-0.99332596

1.004198672

1.004649528

1.004340722

1.004340722

1.004649528

1.00442095

-0.99332596

1.004340722

1.004371603

1.004649528

-0.99332596

-0.99332596

-0.99332596

1.004649528

1.004649528

1.004649528

1.004443658

-0.99332596

-0.99332596

1.004661513

1.004958335

-0.99332596

1.004859517

-0.99332596

1.0050448

-0.99332596

1.005267141

1.005267141

1.005286485

1.005336496

1.005265393

1.005050557

1.005035536

1.004984068

-0.99332596

1.005267141

-0.99332596

1.005205379

-0.99332596

-0.99332596

-0.99332596

-0.99332596

-0.99332596

1.004958335

1.005202257

-0.99332596

1.00515566

1.005267141

1.00525456

1.005267141

-0.99332596

-0.99332596

-0.99332596

1.004909911

1.004958335

1.00506127

-0.99332596

1.005267141

-0.99332596

1.005267141

-0.99332596

1.005267141

1.005260965

1.00524784

1.005267141

-0.99332596

1.00506127

-0.99332596

1.005267141

1.005267141

1.005267141

1.00520896

1.004744801

-0.99332596

1.005267141

1.00500245

1.005030995

1.005267141

1.004958335

-0.99332596

1.00501392

1.005074137

1.004958335

1.005267141

-0.99332596

1.005267141

-0.99332596

1.004958335

-0.99332596

1.004958335

1.005112738

1.005228235

1.005112738

1.004956493

1.00506127

1.004702738

1.004813848

-0.99332596

-0.99332596

1.005267141

1.004958335

-0.99332596

1.005267141

1.005223026

1.004958335

1.004958335

1.005111543

1.005267141

-0.99332596

1.005267141

-0.99332596

1.004974937

1.004958335

1.004913417

1.005267141

1.00506127

1.004982089

1.005133593

-0.99332596

1.004958335

1.004958335

1.005010214

-0.99332596

-0.99332596

1.005267141

1.005267141

1.004958335

-0.99332596

-0.99332596

1.004958335

-0.99332596

1.004958335

-0.99332596

1.005267141

-0.99332596

1.004958335

1.005267141

-0.99332596

1.005081857

-0.99332596

1.005267141

1.005267141

1.005267141

1.005204106

1.004958335

1.005267141

1.005267141

-0.99332596

1.004958335

1.005267141

-0.99332596

1.00533525

1.005421544

1.005231321

1.004865693

1.005267141

1.004926219

1.004958335

-0.99332596

-0.99332596

1.004958335

1.005267141

-0.99332596

-0.99332596

1.005267141

-0.99332596

1.004960509

1.004958335

-0.99332596

-0.99332596

-0.99332596

1.005267141

-0.99332596

-0.99332596

1.004958335

1.005223908

1.004552017

1.004031916

1.004079425

1.004265675

1.004649528

1.004340722

1.004521771

-0.99332596

1.004340722

1.004272785

-0.99332596

-0.99332596

1.004303666

1.004512674

1.004553027

1.00456897

1.004501839

1.004649528

-0.99332596

1.004649528

-0.99332596

1.004340722

-0.99332596

1.004409635

1.004649528

-0.99332596

-0.99332596

1.004031916

1.004340722

-0.99332596

-0.99332596

-0.99332596

1.004237787

1.004649528

1.004102942

1.004041154

1.00425924

1.004263521

1.004031916

1.004340722

-0.99332596

1.004031916

1.004031916

1.004031916

1.00372311

1.00372311

1.003851779

1.003799644

1.004031916

1.00372311

1.003424953

1.003414304

1.003414304

1.003414304

1.003769112

-0.99332596

-0.99332596

-0.99332596

-0.99332596

1.003414304

-0.99332596

1.003674878

1.00372311

1.003896289

-0.99332596

-0.99332596

-0.99332596

-0.99332596

1.003414304

-0.99332596

1.003414304

-0.99332596

1.00372311

1.00372311

-0.99332596

-0.99332596

1.00372311

-0.99332596

1.003517239

1.003435164

-0.99332596

1.003457537

1.003414304

-0.99332596

-0.99332596

-0.99332596

-0.99332596

-0.99332596

-0.99332596

-0.99332596

1.003414304

1.00372311

1.003447905

-0.99332596

-0.99332596

-0.99332596

1.003414304

-0.99332596

-0.99332596

1.004011821

1.00372311

1.00353165

1.00372311

1.004031916

1.003445185

1.003702523

-0.99332596

1.003414304

-0.99332596

1.00372311

-0.99332596

-0.99332596

1.003686053

-0.99332596

-0.99332596

1.003607412

1.003917078

1.003547262

-0.99332596

1.004031916

-0.99332596

1.004031916

1.003662063

1.00372311

-0.99332596

-0.99332596

1.003831912

1.003914276

1.004062606

-0.99332596

1.004340722

1.004047466

1.004031916

-0.99332596

-0.99332596

-0.99332596

-0.99332596

-0.99332596

-0.99332596

-0.99332596

1.003888286

1.003786107

1.00372311

1.003534959

1.003859698

-0.99332596

-0.99332596

1.003619673

1.003795459

1.003877513

1.003993316

1.004031916

1.004298262

1.004276388

-0.99332596

1.004303666

-0.99332596

1.004200356

1.004031916

1.004059974

-0.99332596

1.004332786

1.004417924

1.004031916

1.004031916

1.004340722

1.004031916

-0.99332596

1.004031916

-0.99332596

1.004303666

1.004031916

-0.99332596

1.004031916

1.004031916

1.004066889

1.004031916

-0.99332596

-0.99332596

-0.99332596

1.004031916

1.004145145

-0.99332596

1.004031916

1.004340722

1.004031916

-0.99332596

1.004073933

1.004031916

1.004456525

1.004031916

1.004031916

1.004031916

-0.99332596

1.004063352

1.004031916

1.004340722

1.004031916

1.004031916

1.004316382

1.004340722

-0.99332596

-0.99332596

-0.99332596

1.004621639

1.004649528

1.004340722

-0.99332596

-0.99332596

1.004649528

1.004340722

-0.99332596

1.004340722

1.00403844

1.004043332

-0.99332596

1.004013628

1.003667525

-0.99332596

-0.99332596

-0.99332596

1.00372311

1.00372311

-0.99332596

-0.99332596

-0.99332596

-0.99332596

1.003951855

1.00372311

1.003928981

1.003846633

-0.99332596

-0.99332596

-0.99332596

-0.99332596

1.00372311

-0.99332596

1.003718169

-0.99332596

-0.99332596

-0.99332596

1.00372311

1.004031916

1.003632285

1.004031916

-0.99332596

1.003830082

1.003643009

1.003590324

-0.99332596

1.003502534

-0.99332596

1.003908394

1.00372311

1.00372311

-0.99332596

-0.99332596

1.003736698

1.00372311

1.00372311

-0.99332596

1.003630468

1.003757422

1.00372311

-0.99332596

1.003742411

1.00372311

1.004031916

1.003826046

1.003865161

1.003587236

1.00372311

-0.99332596

-0.99332596

-0.99332596

-0.99332596

1.00347369

1.003414304

1.003457407

-0.99332596

-0.99332596

1.003439009

1.00372311

-0.99332596

-0.99332596

-0.99332596

-0.99332596

1.00360008

1.003621098

-0.99332596

1.003414304

1.00402574

1.004031916

1.00372311

1.003686053

1.00372311

1.00402852

1.004031916

1.00372311

1.003673701

1.004031916

1.004031916

1.004031916

1.004031916

-0.99332596

1.004031916

1.004031916

-0.99332596

1.00372311

1.00406223

1.004067208

1.004031916

1.00456218

-0.99332596

1.004371397

-0.99332596

1.004433364

1.004649528

1.004340722

1.004649528

1.004449246

1.004467878

1.004031916

1.004371603

1.004522477

-0.99332596

1.004340722

1.004340722

1.004340722

1.0042172

1.004649528

1.004634848

-0.99332596

1.004428953

1.004340722

1.004700953

1.004958335

1.004871815

1.004894103

-0.99332596

-0.99332596

1.004853341

-0.99332596

-0.99332596

-0.99332596

1.004649528

1.004958335

-0.99332596

-0.99332596

-0.99332596

-0.99332596

1.004896573

1.004649528

-0.99332596

1.005024874

-0.99332596

1.005115826

-0.99332596

1.004998865

1.004655705

1.004958335

1.005182972

1.005213689

1.005267141

1.004958335

1.005267141

-0.99332596

1.005267141

1.005262583

1.004834812

-0.99332596

-0.99332596

-0.99332596

-0.99332596

1.005340195

1.005473011

1.00544785

1.005869951

1.005575947

1.005870048

1.005884753

1.005884753

-0.99332596

1.005854478

1.005699469

1.005575571

-0.99332596

1.005884753

1.005678882

1.00573035

1.005884753

-0.99332596

1.005884753

1.005884753

-0.99332596

1.005839917

1.005884753

1.005884753

1.005910124

1.00606386

-0.99332596

1.00625532

1.006446219

1.006193559

1.006502365

-0.99332596

-0.99332596

1.006193559

1.006494833

1.006450897

-0.99332596

1.006502365

1.006502365

-0.99332596

1.006296494

1.006107093

0

1.00928162

-0.99332596

1.009590426

1.00928162

-0.99332596

-0.99332596

-0.99332596

-0.99332596

1.00928162

-0.99332596

-0.99332596

1.00928162

-0.99332596

-0.99332596

-0.99332596

1.00928162

-0.99332596

1.00928162

-0.99332596

1.00928162

-0.99332596

-0.99332596

-0.99332596

-0.99332596

-0.99332596

1.008961807

1.008664008

1.008664008

-0.99332596

1.008664008

1.008571366

-0.99332596

-0.99332596

-0.99332596

1.008462255

-0.99332596

-0.99332596

-0.99332596

1.008391645

1.008355202

1.008355202

-0.99332596

1.008355202

1.008880146

-0.99332596

-0.99332596

-0.99332596

1.008355202

1.008400393

1.008695221

1.008467254

-0.99332596

1.008380936

1.008559014

-0.99332596

1.008664008

-0.99332596

-0.99332596

-0.99332596

-0.99332596

1.008355202

1.008894814

-0.99332596

-0.99332596

1.008389514

1.008355202

1.008368377

1.008428863

1.008146006

1.00773759

1.00773759

1.00773759

1.00773759

-0.99332596

1.008157566

1.007743766

1.007872439

1.007836407

1.007777435

-0.99332596

1.008046396

1.00773759

0

1.00928162

-0.99332596

1.009590426

1.00928162

-0.99332596

-0.99332596

-0.99332596

-0.99332596

1.00928162

-0.99332596

-0.99332596

1.00928162

-0.99332596

-0.99332596

-0.99332596

1.00928162

-0.99332596

1.00928162

-0.99332596

1.00928162

-0.99332596

-0.99332596

-0.99332596

-0.99332596

-0.99332596

1.008961807

1.008664008

1.008664008

-0.99332596

